12
北京 中华人民共和国首都,被世界权威机构GaWC评为世界一线城市)
上海 是中国经济、金融、贸易、航运、科技创新中心,被GaWC发布的2018年世界城市体系排名评为“世界一线城市”)
天津 是中华人民共和国省级行政区,中国北方最大的港口城市)
河北 是中华人民共和国省级行政区,务院新设中国（河北）自由贸易试验区)
山东 中国华东地区的一个沿海省份,省会济南)
山西 中华人民共和国省级行政区,省会太原，位于中国华北)
黑龙江 是中国最北端以及陆地最东端的省级行政区,省会哈尔滨)
辽宁 位于东北地区,省会沈阳)
吉林 是中华人民共和国省级行政区，省会长春)
浙江 是中华人民共和国省级行政区。省会杭州)
海南 位于中国最南端,海南省是中国的经济特区、自由贸易试验区（港）。位于中国华南地区)
榆林 古都

38
0 1 1000
0 2 300
0 3 100
0 4 400
1 0 1000
1 3 900
1 5 400
1 6 2300
1 10 2600
2 0 300
2 5 600
2 7 1200
3 0 100
3 1 900
3 5 450
3 8 1100
4 0 400
4 5 1700
4 11 400
5 1 400
5 2 600
5 3 450
5 4 1700
5 6 1600
6 1 2300
6 5 1600
6 11 600
7 2 1200
7 8 400
7 9 1800
8 3 1100
8 7 400
8 9 2100
9 7 1800
9 8 2100
10 1 2600
11 4 400
11 6 600
